420 887 447 532 561 779 827 802 737 362 123 313 156 376 397 468 142 785 376 786 358 309 919 21 796 879 909 459 633 560 680 79 322 106 24 987 903 963 943 816 359 887 211 575 961 410 520 835 39 71 28 527 502 442 274 157 603 967 137 460 970 34 449 802
341 91 620 885 92 693 459 622 528 337 438 723 270 897 711 779 866 903 936 736 409 798 109 315 950 639 635 431 204 579 523 460 974 138 192 902 522 555 35 517 286 934 934 81 316 290 900 360 630 60 821 731 12 511 924 633 552 601 245 169 361 156 254 249
56 464 884 418 859 613 957 599 482 557 702 434 804 326 513 319 984 299 453 731 506 291 436 544 10 418 474 736 935 418 360 600 927 271 619 550 728 388 293 692 166 249 587 523 87 140 444 450 628 533 709 484 259 736 213 893 111 714 627 188 624 631 31 560
963 647 947 940 463 998 777 850 316 937 3 138 182 59 588 466 48 317 443 48 119 970 695 235 154 270 272 621 131 593 904 236 242 967 50 467 481 761 533 168 104 500 605 210 465 991 172 979 962 456 149 909 908 621 325 763 433 92 572 808 587 568 418 74
475 633 603 945 117 0 423 905 555 17 144 488 625 572 387 814 167 825 962 582 77 465 866 757 148 402 391 447 653 250 959 105 785 226 685 801 200 97 793 778 767 888 872 183 201 540 979 822 453 630 498 222 691 956 84 12 828 940 388 140 384 834 117 234
553 13 85 818 603 755 486 968 705 325 613 164 244 698 665 799 290 727 376 597 206 765 80 242 729 182 823 33 598 810 279 629 100 416 2 654 67 971 300 909 380 412 150 109 501 663 109 665 430 19 644 491 244 100 661 198 809 432 465 884 417 117 525 217
545 78 234 35 421 871 602 810 39 762 886 130 810 881 799 53 337 723 589 883 683 836 387 260 613 213 193 598 343 601 497 223 213 455 979 958 842 280 399 895 769 172 170 910 59 662 406 944 608 449 614 285 538 18 168 568 855 635 826 441 925 206 70 501
314 104 947 477 541 667 535 291 687 210 251 197 177 381 959 41 941 344 981 16 902 505 684 189 966 468 365 194 717 814 796 971 862 652 231 842 612 272 164 542 245 752 350 429 184 932 315 932 117 970 948 168 264 719 68 144 968 798 900 615 350 433 589 767
23 435 688 352 301 874 559 791 602 299 814 601 138 19 238 31 522 430 221 452 205 916 811 454 903 557 462 713 975 369 830 50 628 903 363 431 720 571 23 567 706 170 65 91 738 582 469 723 256 992 642 224 515 792 198 239 417 115 285 720 752 980 451 373
576 360 472 46 488 797 750 106 514 401 295 196 429 544 840 473 244 642 941 156 668 708 638 621 303 867 731 912 245 400 869 266 986 700 790 735 632 612 151 644 911 539 145 98 143 258 0 840 66 774 456 541 318 471 400 215 519 17 799 590 920 257 196 60
872 49 782 602 329 193 454 322 206 290 707 455 596 420 753 574 923 569 636 946 325 86 162 455 962 937 382 361 166 929 392 355 989 626 321 962 17 365 737 113 595 999 44 822 45 696 490 23 135 63 374 285 327 737 32 910 612 981 787 839 24 79 796 503
498 598 915 461 405 972 983 752 462 174 723 639 488 477 832 970 513 502 438 420 654 559 983 878 6 264 985 987 438 427 55 803 756 530 581 429 813 238 21 125 695 409 488 489 573 7 930 812 331 376 527 797 55 685 491 242 487 71 164 657 413 825 132 532
475 139 241 12 118 806 292 682 534 996 197 516 231 869 306 207 705 987 143 598 542 309 481 825 402 42 68 384 198 408 518 698 196 192 78 288 918 851 455 872 30 864 146 877 371 486 629 2 753 623 818 490 903 981 634 153 973 375 100 357 696 86 850 902
36 625 223 54 274 998 137 315 548 356 601 455 137 21 2 758 721 373 762 450 491 88 212 929 980 533 594 86 795 321 331 600 492 856 869 440 67 274 252 310 128 803 64 246 505 748 382 898 410 534 840 917 850 756 313 109 922 59 750 325 631 755 354 660
498 883 603 210 731 393 281 545 604 845 253 183 311 426 315 849 426 850 816 184 729 240 196 408 521 799 806 402 208 276 37 84 894 476 129 144 555 848 774 977 958 26 591 792 984 35 914 877 172 521 693 805 705 353 290 790 623 975 265 429 426 823 282 967
278 606 327 509 928 764 962 174 337 438 742 769 209 808 650 464 579 119 575 390 68 219 208 21 775 196 557 179 925 342 861 23 255 457 358 997 112 589 978 183 205 326 328 599 585 717 784 257 25 41 515 108 0 964 432 313 894 724 910 932 29 648 773 98
123 460 640 869 324 521 128 578 445 269 801 768 490 537 292 570 571 160 443 922 39 41 105 708 828 945 437 955 142 758 177 657 967 978 717 296 590 403 941 922 378 33 257 576 900 522 273 765 409 280 82 406 422 506 840 715 947 869 834 1 800 117 571 33
983 613 179 180 596 776 563 430 846 938 581 824 613 877 818 413 787 878 351 653 309 531 639 923 979 448 322 775 574 343 893 848 422 639 451 908 851 867 83 55 784 829 590 338 298 526 741 584 569 334 316 512 825 213 222 467 343 157 160 205 732 270 1 56
259 976 11 400 717 955 918 851 143 306 960 813 562 688 277 52 631 555 967 30 951 195 953 126 464 278 440 15 693 907 811 972 541 948 673 472 571 174 710 12 73 821 257 583 721 998 992 723 627 423 505 49 379 246 703 716 381 121 838 211 686 658 864 20
444 536 572 538 609 337 444 451 773 798 450 831 150 20 684 448 680 805 352 505 257 230 280 942 762 47 958 596 218 521 482 389 865 774 49 555 58 204 873 562 185 895 890 902 462 491 641 555 668 754 347 469 192 133 130 583 925 795 4 644 96 569 654 34
256 950 745 275 234 934 185 3 74 25 791 374 589 931 683 825 599 960 847 356 713 665 557 315 928 393 40 688 631 606 271 875 225 36 767 912 142 560 518 694 34 395 261 218 51 701 211 977 612 941 323 929 946 472 891 213 696 469 0 676 97 167 375 806
537 162 502 235 940 973 609 431 968 744 398 306 968 103 65 906 858 875 760 22 236 930 455 438 689 678 772 80 326 459 971 71 321 484 403 593 968 243 29 910 633 439 291 167 195 774 570 555 375 22 574 846 877 410 614 600 763 734 967 126 738 514 275 476
255 990 421 421 775 635 335 281 641 881 204 322 603 9 145 98 702 961 234 823 491 770 878 491 944 850 540 339 844 170 911 924 585 642 536 994 673 126 561 424 412 320 687 87 685 643 686 295 794 383 358 0 47 736 68 280 131 296 991 355 451 654 661 686
463 455 593 433 474 735 551 667 569 867 97 52 535 161 914 176 884 49 648 50 111 758 206 183 614 96 526 162 634 857 797 142 44 62 293 587 484 235 716 339 770 456 248 985 494 369 14 147 864 727 856 767 531 288 129 543 864 849 636 42 845 968 533 653
729 268 214 529 834 575 605 539 849 458 428 441 153 68 420 560 510 973 382 311 998 70 314 544 701 709 750 198 533 771 802 822 720 803 828 147 121 52 221 419 562 812 860 309 830 676 597 220 452 394 116 732 623 296 124 227 575 816 68 706 281 924 299 325
168 929 63 250 939 744 739 268 756 393 128 617 823 14 938 120 655 952 639 643 958 732 123 737 110 119 209 298 987 500 887 663 926 210 22 700 631 762 6 134 142 964 182 690 788 981 424 856 826 526 68 112 556 218 881 168 67 93 246 383 551 432 392 732
920 869 106 319 232 952 528 55 924 592 641 427 198 214 448 424 777 829 648 125 405 356 794 788 630 646 404 925 759 968 653 267 432 46 432 755 740 873 611 369 756 182 558 514 422 97 480 976 125 473 736 599 721 599 742 782 468 620 664 492 554 260 393 843
484 89 594 997 459 512 804 246 429 465 451 767 17 980 20 931 482 171 854 234 70 296 345 984 466 735 216 517 329 548 205 620 52 646 267 343 362 756 495 152 515 698 65 880 186 342 822 201 865 699 581 301 879 875 190 731 944 915 612 745 692 372 393 869
909 666 375 813 768 611 724 507 882 589 697 69 470 655 546 609 43 848 380 895 506 938 736 977 143 688 937 418 507 625 507 568 957 260 789 561 962 698 681 250 665 322 762 485 59 311 307 8 960 995 995 253 143 374 908 83 391 743 732 961 492 702 343 140
715 316 525 731 335 852 247 348 941 641 839 327 947 245 717 968 748 498 282 661 733 819 982 400 995 488 849 238 113 923 46 932 171 310 938 89 543 729 872 24 160 284 77 16 116 197 316 984 581 571 683 807 692 556 876 204 665 442 107 515 686 719 343 178
94 670 733 314 405 229 253 12 684 645 806 75 931 463 466 83 553 336 728 80 244 15 993 867 299 59 161 25 147 643 813 339 129 634 155 21 299 879 406 792 362 381 193 167 640 496 238 103 974 216 677 79 674 862 28 387 853 584 903 489 140 867 363 362
681 553 174 697 330 390 552 661 972 303 820 382 979 31 295 77 185 633 109 681 864 599 8 998 291 919 198 229 492 537 539 999 280 719 166 900 866 13 976 66 24 210 973 413 373 721 179 195 0 66 23 780 646 817 534 592 346 710 221 422 462 737 144 295
56 759 497 616 427 897 58 322 821 331 630 402 218 494 428 747 967 401 571 750 494 618 443 68 946 127 837 669 318 502 569 745 145 801 482 991 66 285 907 541 446 571 363 450 784 840 569 696 211 631 856 890 57 419 800 189 569 395 704 684 47 875 597 779
502 134 970 732 264 842 210 611 166 554 860 509 87 141 980 754 889 635 533 811 102 658 781 763 310 829 987 113 82 61 174 939 408 257 126 572 379 267 700 484 881 630 780 690 79 637 683 905 602 749 386 563 934 598 241 280 964 650 530 29 764 499 394 275
644 553 473 637 793 740 329 512 288 240 175 873 513 442 883 895 233 302 552 81 983 569 703 585 797 190 470 850 624 130 795 235 522 686 568 367 347 774 862 234 480 62 579 623 838 64 351 174 962 875 524 41 554 790 859 356 132 155 145 230 49 305 914 721
883 745 101 914 897 509 481 579 728 348 126 890 843 419 168 913 134 579 885 332 571 435 661 177 94 529 580 117 323 752 881 850 931 379 520 144 618 382 700 319 565 459 236 633 986 380 548 518 17 613 706 112 748 376 237 201 398 688 444 177 784 61 67 365
408 148 55 902 867 598 48 579 223 879 825 674 331 839 997 553 531 715 262 408 309 423 862 5 39 11 162 146 33 871 805 920 508 673 128 578 446 590 352 745 613 42 282 151 581 300 144 570 385 121 382 406 178 699 254 830 125 435 347 265 533 968 271 492
542 631 60 25 567 611 283 674 327 354 413 3 675 676 35 949 570 25 493 316 667 757 442 197 411 755 664 448 319 84 644 459 87 141 899 677 542 406 261 129 601 586 749 533 897 726 110 471 570 324 138 679 445 160 379 924 987 790 971 23 326 511 985 222
549 201 400 743 790 528 17 223 768 910 378 87 372 800 479 306 76 923 866 700 474 292 697 367 412 349 945 663 40 918 677 821 145 383 103 986 230 6 216 861 811 563 586 62 522 312 215 802 134 583 7 633 364 447 305 346 718 486 696 792 486 494 656 132
431 935 95 606 520 824 960 370 825 531 991 627 822 211 235 937 54 145 483 212 866 340 25 459 943 921 976 211 8 593 987 970 488 577 491 9 166 513 375 312 319 565 700 594 671 882 613 646 641 113 24 630 45 843 804 69 543 902 633 337 286 300 75 865
118 343 532 71 55 760 34 132 193 107 708 551 456 572 875 422 167 667 434 825 687 817 80 818 66 622 395 712 564 836 514 77 74 194 689 412 174 370 412 126 864 477 894 631 392 984 110 663 988 450 946 220 763 631 780 139 506 160 123 965 598 120 533 282
422 250 182 698 119 73 823 545 974 201 437 542 969 572 232 880 351 492 854 646 799 731 860 174 375 638 327 25 559 199 69 176 135 9 777 301 600 723 306 326 758 915 630 236 567 360 706 825 621 998 381 270 691 185 689 608 330 468 483 983 862 574 804 987
929 885 11 67 926 796 943 475 639 57 714 267 662 688 419 907 919 0 273 985 520 251 8 338 301 185 314 550 447 20 42 773 245 459 424 790 332 752 749 790 367 974 188 83 244 241 896 458 324 489 904 427 452 880 295 664 382 973 149 995 51 126 559 750
593 483 773 436 525 919 678 167 728 103 258 419 39 441 181 981 224 654 577 423 581 126 913 644 468 664 815 97 114 244 32 775 622 738 120 53 93 221 219 350 247 694 392 860 763 823 739 666 93 73 765 63 666 964 766 292 831 535 223 322 294 206 383 537
810 875 757 752 745 72 961 860 522 909 38 350 106 594 587 990 72 217 616 449 642 819 72 103 707 171 274 463 706 872 752 128 627 217 646 93 667 998 558 637 239 70 46 483 424 109 88 723 383 533 573 540 541 941 3 69 604 879 585 660 845 329 159 647
779 769 614 277 657 542 224 20 243 902 319 802 973 466 734 109 345 850 89 521 601 843 204 98 823 337 120 952 7 296 80 858 139 288 553 934 887 952 875 119 325 1 779 876 228 277 810 335 497 362 949 585 158 233 937 454 5 301 414 424 477 301 842 69
223 89 452 945 805 683 993 341 65 894 0 188 249 249 183 446 804 126 152 813 650 698 474 17 244 212 724 628 40 938 245 150 229 547 478 50 557 163 197 533 452 20 72 460 700 892 523 923 119 466 632 171 666 929 198 957 77 611 134 606 323 206 157 987
285 687 397 974 421 945 441 790 319 178 191 470 948 131 879 561 995 377 412 723 681 861 530 163 535 469 63 418 848 982 929 786 946 196 363 389 609 753 500 911 617 103 303 411 676 983 713 489 793 165 8 298 315 447 195 784 904 748 771 661 646 798 82 33
114 734 145 810 605 318 140 451 442 193 901 626 938 343 905 874 132 80 792 174 910 727 196 21 802 137 795 727 582 991 325 58 913 927 356 194 738 171 959 174 109 830 370 214 878 155 903 920 418 696 265 97 983 446 160 921 349 458 575 981 561 571 843 125
835 417 463 697 523 638 911 545 561 200 313 353 163 937 460 850 435 681 471 196 953 893 427 496 60 842 517 995 85 846 57 475 122 496 503 522 128 337 259 897 877 841 330 43 774 890 867 999 746 242 137 572 398 527 254 25 810 84 324 817 362 217 373 7
729 224 970 864 30 282 885 242 93 328 641 302 99 503 563 361 28 183 116 580 291 443 162 105 649 516 373 366 67 856 764 527 811 322 764 296 667 957 725 473 802 999 193 313 490 475 707 396 461 271 707 768 860 932 677 720 829 543 776 305 94 367 737 67
370 684 890 437 191 604 677 806 516 218 44 1 528 275 588 699 84 392 640 882 623 392 753 689 82 883 835 767 213 950 597 286 491 315 475 458 232 731 829 868 495 577 983 784 281 208 466 249 382 638 589 379 281 271 403 486 45 927 927 657 658 91 570 283
724 580 317 285 463 964 873 976 529 296 711 660 483 40 878 109 293 557 231 218 189 823 882 934 749 521 641 76 411 305 380 546 795 332 907 116 449 932 288 807 862 632 973 562 969 16 790 906 473 264 63 770 627 289 868 626 573 818 643 296 100 731 649 483
985 214 743 638 158 269 220 875 734 209 198 976 54 512 60 812 730 496 703 403 782 565 392 949 593 366 913 705 911 26 27 451 396 964 652 290 340 83 639 250 566 671 880 401 175 470 393 691 607 655 65 120 259 668 745 0 960 839 119 13 897 373 750 106
834 139 835 223 18 691 228 473 437 85 141 405 415 788 502 227 320 441 640 933 735 150 959 872 48 979 713 281 200 159 746 428 535 378 121 45 69 967 545 207 265 34 232 121 775 578 832 748 247 717 797 146 812 559 532 30 261 777 563 699 855 411 103 937
454 848 883 814 298 891 830 868 730 754 491 101 988 460 298 669 156 882 965 881 187 245 549 830 803 230 391 274 296 76 182 368 516 487 87 615 922 336 862 226 424 445 185 871 799 692 387 126 277 659 179 503 602 586 345 853 501 987 711 2 733 7 300 160
153 495 158 240 449 366 312 495 490 954 678 593 878 879 350 932 737 800 342 46 740 297 516 686 703 485 474 3 251 526 914 467 674 526 674 990 323 197 645 736 709 635 414 91 316 451 817 900 433 533 485 585 815 886 978 168 380 284 365 396 448 806 495 838
106 360 942 542 250 995 108 880 714 30 134 185 965 2 302 652 97 622 288 410 140 859 106 12 30 626 117 206 311 479 399 47 967 424 553 800 809 192 509 929 373 568 142 635 550 675 312 76 372 542 534 745 534 510 627 812 82 749 580 543 410 23 849 132
938 290 477 163 109 404 634 114 512 571 942 220 5 793 670 953 990 53 820 115 610 893 894 814 269 317 959 143 978 976 739 340 568 133 354 958 284 444 357 378 292 495 602 103 338 386 561 679 142 358 112 156 482 813 535 936 797 902 675 100 778 731 693 29
414 161 885 405 217 977 388 355 725 543 375 663 700 534 896 541 780 648 75 294 246 588 604 663 198 526 411 773 110 503 773 387 984 787 816 903 638 895 678 986 726 957 177 928 727 114 477 908 746 528 832 838 959 613 887 252 771 28 450 357 292 860 190 330
821 28 467 625 585 847 355 580 655 671 326 512 912 600 371 972 846 120 923 72 873 678 88 413 26 466 319 444 425 402 797 980 490 87 844 241 352 922 381 953 533 205 571 4 666 224 981 61 953 113 569 904 578 66 503 368 747 543 687 59 96 742 544 662
385 312 562 477 514 633 239 126 196 569 100 647 288 256 136 36 544 389 900 547 206 261 239 33 569 728 120 520 125 619 553 31 698 767 861 979 583 323 764 522 6 228 795 271 978 883 800 134 117 926 789 587 156 675 915 323 650 486 578 589 918 598 408 744
447 67 60 103 547 719 940 16 697 198 547 397 31 917 543 971 317 634 184 327 463 187 612 13 841 445 961 2 603 41 665 387 264 506 334 803 856 908 655 52 102 519 502 693 100 836 8 104 746 946 207 971 957 782 421 196 469 90 671 131 106 597 334 625
229 139 965 593 364 96 765 902 828 354 308 914 130 94 151 719 813 874 494 822 719 648 883 833 324 593 156 466 95 256 719 77 988 888 678 584 770 559 640 495 331 776 935 454 802 64 550 757 516 96 425 795 635 485 304 557 316 939 743 95 495 969 141 441
